_timestamp=2018-03-04_19_23_24.055706
accuracy=40.3%
epochNum=5
dim=50
ntp=8000
sentEmbdType=DT_RNN
state=accuracy.40.3%__epochNum.5__hiddenDims.50__ntp.8000__sentEmbdType.DT_RNN___timestamp.2018-03-04_19_23_24.055706.pkl
dep_len=56
word_vector_size=200
